-- Chunk 1 for Region_Asia

-- Check if model exists, create if it doesn't
if not workspace:FindFirstChild("Region_Asia") then
    model = Instance.new("Model")
    model.Name = "Region_Asia"
    model.Parent = workspace
else
    model = workspace:FindFirstChild("Region_Asia")
end

part1 = Instance.new("Part")
part1.Name = "Boulder"
part1.Parent = model
part1.Size = Vector3.new(23.790298461914062, 27.199995040893555, 22.19999122619629)
part1.CFrame = CFrame.new(1438.51806640625, 156.45826721191406, -3908.302978515625, 0.30081701278686523, 0, 0.9536819458007812, 0, 1, 0, -0.9536819458007812, 0, 0.30081701278686523)
part1.Color = Color3.new(0.486,0.361,0.275)
part1.BrickColor = BrickColor.new("Brown")
part1.Material = Enum.Material.Slate
part1.Transparency = 0
part1.Anchored = true
part1.CanCollide = true
part1.Shape = Enum.PartType.Block

part2 = Instance.new("Part")
part2.Name = "Boulder"
part2.Parent = model
part2.Size = Vector3.new(23.790298461914062, 27.200000762939453, 22.899993896484375)
part2.CFrame = CFrame.new(1481.19677734375, 156.45877075195312, -3894.84326171875, 0.30081701278686523, 0, 0.9536819458007812, 0, 1, 0, -0.9536819458007812, 0, 0.30081701278686523)
part2.Color = Color3.new(0.486,0.361,0.275)
part2.BrickColor = BrickColor.new("Brown")
part2.Material = Enum.Material.Slate
part2.Transparency = 0
part2.Anchored = true
part2.CanCollide = true
part2.Shape = Enum.PartType.Block

part3 = Instance.new("Part")
part3.Name = "Boulder"
part3.Parent = model
part3.Size = Vector3.new(23.790298461914062, 27.20000648498535, 22.19999122619629)
part3.CFrame = CFrame.new(1417.3460693359375, 156.4581298828125, -3914.97998046875, 0.30081701278686523, 0, 0.9536819458007812, 0, 1, 0, -0.9536819458007812, 0, 0.30081701278686523)
part3.Color = Color3.new(0.486,0.361,0.275)
part3.BrickColor = BrickColor.new("Brown")
part3.Material = Enum.Material.Slate
part3.Transparency = 0
part3.Anchored = true
part3.CanCollide = true
part3.Shape = Enum.PartType.Block

part4 = Instance.new("Part")
part4.Name = "Boulder"
part4.Parent = model
part4.Size = Vector3.new(23.790298461914062, 27.200010299682617, 22.19999122619629)
part4.CFrame = CFrame.new(1459.690185546875, 156.4586181640625, -3901.6259765625, 0.30081701278686523, 0, 0.9536819458007812, 0, 1, 0, -0.9536819458007812, 0, 0.30081701278686523)
part4.Color = Color3.new(0.486,0.361,0.275)
part4.BrickColor = BrickColor.new("Brown")
part4.Material = Enum.Material.Slate
part4.Transparency = 0
part4.Anchored = true
part4.CanCollide = true
part4.Shape = Enum.PartType.Block

part5 = Instance.new("Part")
part5.Name = "Boulder"
part5.Parent = model
part5.Size = Vector3.new(23.790298461914062, 20.899993896484375, 22.899993896484375)
part5.CFrame = CFrame.new(1481.19677734375, 132.40872192382812, -3894.84326171875, 0.30081701278686523, 0, 0.9536819458007812, 0, 1, 0, -0.9536819458007812, 0, 0.30081701278686523)
part5.Color = Color3.new(0.486,0.361,0.275)
part5.BrickColor = BrickColor.new("Brown")
part5.Material = Enum.Material.Slate
part5.Transparency = 0
part5.Anchored = true
part5.CanCollide = true
part5.Shape = Enum.PartType.Block

part6 = Instance.new("Part")
part6.Name = "Boulder"
part6.Parent = model
part6.Size = Vector3.new(23.790298461914062, 20.899993896484375, 22.19999122619629)
part6.CFrame = CFrame.new(1459.690185546875, 132.4084930419922, -3901.6259765625, 0.30081701278686523, 0, 0.9536819458007812, 0, 1, 0, -0.9536819458007812, 0, 0.30081701278686523)
part6.Color = Color3.new(0.486,0.361,0.275)
part6.BrickColor = BrickColor.new("Brown")
part6.Material = Enum.Material.Slate
part6.Transparency = 0
part6.Anchored = true
part6.CanCollide = true
part6.Shape = Enum.PartType.Block

part7 = Instance.new("Part")
part7.Name = "Boulder"
part7.Parent = model
part7.Size = Vector3.new(23.790298461914062, 20.899993896484375, 22.19999122619629)
part7.CFrame = CFrame.new(1438.51806640625, 132.40826416015625, -3908.302978515625, 0.30081701278686523, 0, 0.9536819458007812, 0, 1, 0, -0.9536819458007812, 0, 0.30081701278686523)
part7.Color = Color3.new(0.486,0.361,0.275)
part7.BrickColor = BrickColor.new("Brown")
part7.Material = Enum.Material.Slate
part7.Transparency = 0
part7.Anchored = true
part7.CanCollide = true
part7.Shape = Enum.PartType.Block

part8 = Instance.new("Part")
part8.Name = "Boulder"
part8.Parent = model
part8.Size = Vector3.new(23.790298461914062, 20.899993896484375, 22.19999122619629)
part8.CFrame = CFrame.new(1417.3460693359375, 132.4080352783203, -3914.97998046875, 0.30081701278686523, 0, 0.9536819458007812, 0, 1, 0, -0.9536819458007812, 0, 0.30081701278686523)
part8.Color = Color3.new(0.486,0.361,0.275)
part8.BrickColor = BrickColor.new("Brown")
part8.Material = Enum.Material.Slate
part8.Transparency = 0
part8.Anchored = true
part8.CanCollide = true
part8.Shape = Enum.PartType.Block

part9 = Instance.new("Part")
part9.Name = "Boulder"
part9.Parent = model
part9.Size = Vector3.new(23.790298461914062, 27.299997329711914, 22.19999122619629)
part9.CFrame = CFrame.new(1396.17431640625, 156.50779724121094, -3921.656982421875, 0.30081701278686523, 0, 0.9536819458007812, 0, 1, 0, -0.9536819458007812, 0, 0.30081701278686523)
part9.Color = Color3.new(0.486,0.361,0.275)
part9.BrickColor = BrickColor.new("Brown")
part9.Material = Enum.Material.Slate
part9.Transparency = 0
part9.Anchored = true
part9.CanCollide = true
part9.Shape = Enum.PartType.Block

part10 = Instance.new("Part")
part10.Name = "Boulder"
part10.Parent = model
part10.Size = Vector3.new(23.790298461914062, 20.899993896484375, 22.19999122619629)
part10.CFrame = CFrame.new(1396.174560546875, 132.40780639648438, -3921.656982421875, 0.30081701278686523, 0, 0.9536819458007812, 0, 1, 0, -0.9536819458007812, 0, 0.30081701278686523)
part10.Color = Color3.new(0.486,0.361,0.275)
part10.BrickColor = BrickColor.new("Brown")
part10.Material = Enum.Material.Slate
part10.Transparency = 0
part10.Anchored = true
part10.CanCollide = true
part10.Shape = Enum.PartType.Block

part11 = Instance.new("Part")
part11.Name = "Part"
part11.Parent = model
part11.Size = Vector3.new(4.400000095367432, 121.21516418457031, 1.399999976158142)
part11.CFrame = CFrame.new(654.3330688476562, 20.460254669189453, -2267.501220703125, 0.5735796093940735, -0.8183716535568237, 0.03569740056991577, 0.000027954578399658203, -0.04355907440185547, -0.9990509152412415, 0.8191498517990112, 0.573036253452301, -0.02496170997619629)
part11.Color = Color3.new(0.6392157077789307, 0.6352941393852234, 0.6470588445663452)
part11.BrickColor = BrickColor.new("Medium stone grey")
part11.Material = Enum.Material.Metal
part11.Transparency = 0
part11.Anchored = true
part11.CanCollide = true
part11.Shape = Enum.PartType.Block

part12 = Instance.new("Part")
part12.Name = "Part"
part12.Parent = model
part12.Size = Vector3.new(2, 121.14652252197266, 9)
part12.CFrame = CFrame.new(654.978515625, 15.26512622833252, -2266.974853515625, 0.5735796093940735, -0.8183716535568237, 0.03569740056991577, 0.000027954578399658203, -0.04355907440185547, -0.9990509152412415, 0.8191498517990112, 0.573036253452301, -0.02496170997619629)
part12.Color = Color3.new(0.45490196347236633, 0.5254902243614197, 0.615686297416687)
part12.BrickColor = BrickColor.new("Sand blue")
part12.Material = Enum.Material.Metal
part12.Transparency = 0
part12.Anchored = true
part12.CanCollide = true
part12.Shape = Enum.PartType.Block

part13 = Instance.new("Part")
part13.Name = "Part"
part13.Parent = model
part13.Size = Vector3.new(4.400000095367432, 6.505621433258057, 1.399999976158142)
part13.CFrame = CFrame.new(463.8944396972656, 3.062516212463379, -2134.148193359375, 0.5735570192337036, -0.8191656470298767, -0.000010788440704345703, 0.000010788440704345703, 0.000020742416381835938, -0.9999999403953552, 0.8191656470298767, 0.5735569596290588, 0.000020742416381835938)
part13.Color = Color3.new(0.6392157077789307, 0.6352941393852234, 0.6470588445663452)
part13.BrickColor = BrickColor.new("Medium stone grey")
part13.Material = Enum.Material.Metal
part13.Transparency = 0
part13.Anchored = true
part13.CanCollide = true
part13.Shape = Enum.PartType.Block

part14 = Instance.new("Part")
part14.Name = "Part"
part14.Parent = model
part14.Size = Vector3.new(4.400000095367432, 169.3829803466797, 1.399999976158142)
part14.CFrame = CFrame.new(535.61962890625, 10.43857192993164, -2184.372314453125, 0.573593020439148, -0.8160265684127808, 0.071356862783432, -0.00006511807441711426, -0.0871574878692627, -0.9961947202682495, 0.8191404342651367, 0.5714057683944702, -0.05004608631134033)
part14.Color = Color3.new(0.6392157077789307, 0.6352941393852234, 0.6470588445663452)
part14.BrickColor = BrickColor.new("Medium stone grey")
part14.Material = Enum.Material.Metal
part14.Transparency = 0
part14.Anchored = true
part14.CanCollide = true
part14.Shape = Enum.PartType.Block

part15 = Instance.new("Part")
part15.Name = "Part"
part15.Parent = model
part15.Size = Vector3.new(2, 169.58209228515625, 9)
part15.CFrame = CFrame.new(536.3470458984375, 5.247281551361084, -2183.905029296875, 0.573593020439148, -0.8160265684127808, 0.071356862783432, -0.00006511807441711426, -0.0871574878692627, -0.9961947202682495, 0.8191404342651367, 0.5714057683944702, -0.05004608631134033)
part15.Color = Color3.new(0.45490196347236633, 0.5254902243614197, 0.615686297416687)
part15.BrickColor = BrickColor.new("Sand blue")
part15.Material = Enum.Material.Metal
part15.Transparency = 0
part15.Anchored = true
part15.CanCollide = true
part15.Shape = Enum.PartType.Block

part16 = Instance.new("Part")
part16.Name = "Part"
part16.Parent = model
part16.Size = Vector3.new(2, 6.400000095367432, 2.4000000953674316)
part16.CFrame = CFrame.new(464.6374816894531, 1.1624897718429565, -2133.691650390625, 0.5735570192337036, -0.8191656470298767, -0.000010788440704345703, 0.000010788440704345703, 0.000020742416381835938, -0.9999999403953552, 0.8191656470298767, 0.5735569596290588, 0.000020742416381835938)
part16.Color = Color3.new(0.45490196347236633, 0.5254902243614197, 0.615686297416687)
part16.BrickColor = BrickColor.new("Sand blue")
part16.Material = Enum.Material.Metal
part16.Transparency = 0
part16.Anchored = true
part16.CanCollide = true
part16.Shape = Enum.PartType.Block

part17 = Instance.new("Part")
part17.Name = "Part"
part17.Parent = model
part17.Size = Vector3.new(2, 6.199999809265137, 2.4000000953674316)
part17.CFrame = CFrame.new(1012.5022583007812, -0.44265031814575195, -2517.374755859375, -0.5736696720123291, 0.8190867304801941, 0.000018537044525146484, 0.000018537044525146484, 0.000035643577575683594, -1, -0.8190867304801941, -0.5736696720123291, -0.000035643577575683594)
part17.Color = Color3.new(0.45490196347236633, 0.5254902243614197, 0.615686297416687)
part17.BrickColor = BrickColor.new("Sand blue")
part17.Material = Enum.Material.Metal
part17.Transparency = 0
part17.Anchored = true
part17.CanCollide = true
part17.Shape = Enum.PartType.Block

part18 = Instance.new("Part")
part18.Name = "Part"
part18.Parent = model
part18.Size = Vector3.new(2, 187.98208618164062, 9)
part18.CFrame = CFrame.new(933.3169555664062, 4.441836357116699, -2461.912841796875, -0.5736470222473145, 0.8159874677658081, -0.07136872410774231, 0.00003263354301452637, -0.08710765838623047, -0.9961988925933838, -0.8191026449203491, -0.5714688301086426, 0.04994237422943115)
part18.Color = Color3.new(0.45490196347236633, 0.5254902243614197, 0.615686297416687)
part18.BrickColor = BrickColor.new("Sand blue")
part18.Material = Enum.Material.Metal
part18.Transparency = 0
part18.Anchored = true
part18.CanCollide = true
part18.Shape = Enum.PartType.Block

part19 = Instance.new("Part")
part19.Name = "Part"
part19.Parent = model
part19.Size = Vector3.new(4.400000095367432, 187.78382873535156, 1.399999976158142)
part19.CFrame = CFrame.new(933.1260375976562, 9.633077621459961, -2462.7568359375, -0.5736470222473145, 0.8159874677658081, -0.07136872410774231, 0.00003263354301452637, -0.08710765838623047, -0.9961988925933838, -0.8191026449203491, -0.5714688301086426, 0.04994237422943115)
part19.Color = Color3.new(0.6392157077789307, 0.6352941393852234, 0.6470588445663452)
part19.BrickColor = BrickColor.new("Medium stone grey")
part19.Material = Enum.Material.Metal
part19.Transparency = 0
part19.Anchored = true
part19.CanCollide = true
part19.Shape = Enum.PartType.Block

part20 = Instance.new("Part")
part20.Name = "Part"
part20.Parent = model
part20.Size = Vector3.new(4.400000095367432, 6.504375457763672, 1.399999976158142)
part20.CFrame = CFrame.new(1012.2451782226562, 1.4573739767074585, -2518.173095703125, -0.5736696720123291, 0.8190867304801941, 0.000018537044525146484, 0.000018537044525146484, 0.000035643577575683594, -1, -0.8190867304801941, -0.5736696720123291, -0.000035643577575683594)
part20.Color = Color3.new(0.6392157077789307, 0.6352941393852234, 0.6470588445663452)
part20.BrickColor = BrickColor.new("Medium stone grey")
part20.Material = Enum.Material.Metal
part20.Transparency = 0
part20.Anchored = true
part20.CanCollide = true
part20.Shape = Enum.PartType.Block

part21 = Instance.new("Part")
part21.Name = "Part"
part21.Parent = model
part21.Size = Vector3.new(2, 121.14484405517578, 9)
part21.CFrame = CFrame.new(807.1882934570312, 15.263619422912598, -2373.5712890625, -0.5736923217773438, 0.8182915449142456, -0.03572440147399902, 0.0000022351741790771484, -0.04361426830291748, -0.9990485310554504, -0.8190709352493286, -0.5731465220451355, 0.025019288063049316)
part21.Color = Color3.new(0.45490196347236633, 0.5254902243614197, 0.615686297416687)
part21.BrickColor = BrickColor.new("Sand blue")
part21.Material = Enum.Material.Metal
part21.Transparency = 0
part21.Anchored = true
part21.CanCollide = true
part21.Shape = Enum.PartType.Block

part22 = Instance.new("Part")
part22.Name = "Part"
part22.Parent = model
part22.Size = Vector3.new(4.400000095367432, 121.208984375, 1.399999976158142)
part22.CFrame = CFrame.new(806.9163208007812, 20.45864486694336, -2374.3583984375, -0.5736923217773438, 0.8182915449142456, -0.03572440147399902, 0.0000022351741790771484, -0.04361426830291748, -0.9990485310554504, -0.8190709352493286, -0.5731465220451355, 0.025019288063049316)
part22.Color = Color3.new(0.6392157077789307, 0.6352941393852234, 0.6470588445663452)
part22.BrickColor = BrickColor.new("Medium stone grey")
part22.Material = Enum.Material.Metal
part22.Transparency = 0
part22.Anchored = true
part22.CanCollide = true
part22.Shape = Enum.PartType.Block

part23 = Instance.new("Part")
part23.Name = "Part"
part23.Parent = model
part23.Size = Vector3.new(4.400000095367432, 65.19696807861328, 1.399999976158142)
part23.CFrame = CFrame.new(730.6296997070312, 23.102230072021484, -2320.9267578125, 0.5735570192337036, -0.8191656470298767, 0.000010788440704345703, -0.000010788440704345703, -0.000020742416381835938, -0.9999999403953552, 0.8191656470298767, 0.5735569596290588, -0.000020742416381835938)
part23.Color = Color3.new(0.6392157077789307, 0.6352941393852234, 0.6470588445663452)
part23.BrickColor = BrickColor.new("Medium stone grey")
part23.Material = Enum.Material.Metal
part23.Transparency = 0
part23.Anchored = true
part23.CanCollide = true
part23.Shape = Enum.PartType.Block

part24 = Instance.new("Part")
part24.Name = "Part"
part24.Parent = model
part24.Size = Vector3.new(2, 65.13914489746094, 9)
part24.CFrame = CFrame.new(731.0866088867188, 17.902164459228516, -2320.269775390625, 0.5735570192337036, -0.8191656470298767, 0.000010788440704345703, -0.000010788440704345703, -0.000020742416381835938, -0.9999999403953552, 0.8191656470298767, 0.5735569596290588, -0.000020742416381835938)
part24.Color = Color3.new(0.45490196347236633, 0.5254902243614197, 0.615686297416687)
part24.BrickColor = BrickColor.new("Sand blue")
part24.Material = Enum.Material.Metal
part24.Transparency = 0
part24.Anchored = true
part24.CanCollide = true
part24.Shape = Enum.PartType.Block

part25 = Instance.new("Part")
part25.Name = "Part"
part25.Parent = model
part25.Size = Vector3.new(14, 10.399999618530273, 14)
part25.CFrame = CFrame.new(924.743896484375, -38.39992904663086, -2447.36083984375, -0.5736784934997559, -0, -0.8190805315971375, 0, -1, 0, -0.8190805315971375, 0, 0.5736785531044006)
part25.Color = Color3.new(0.38823530077934265, 0.37254902720451355, 0.3843137323856354)
part25.BrickColor = BrickColor.new("Dark stone grey")
part25.Material = Enum.Material.Concrete
part25.Transparency = 0
part25.Anchored = true
part25.CanCollide = true
part25.Shape = Enum.PartType.Block

part26 = Instance.new("Part")
part26.Name = "Part"
part26.Parent = model
part26.Size = Vector3.new(10, 38, 10)
part26.CFrame = CFrame.new(924.7437133789062, -14.199673652648926, -2447.3603515625, -0.5736784934997559, -0, -0.8190805315971375, 0, -1, 0, -0.8190805315971375, 0, 0.5736785531044006)
part26.Color = Color3.new(0.6392157077789307, 0.6352941393852234, 0.6470588445663452)
part26.BrickColor = BrickColor.new("Medium stone grey")
part26.Material = Enum.Material.Concrete
part26.Transparency = 0
part26.Anchored = true
part26.CanCollide = true
part26.Shape = Enum.PartType.Block

part27 = Instance.new("Part")
part27.Name = "Part"
part27.Parent = model
part27.Size = Vector3.new(14, 10.399999618530273, 14)
part27.CFrame = CFrame.new(851.8273315429688, -38.3994026184082, -2396.28955078125, -0.5736784934997559, -0, -0.8190805315971375, 0, -1, 0, -0.8190805315971375, 0, 0.5736785531044006)
part27.Color = Color3.new(0.38823530077934265, 0.37254902720451355, 0.3843137323856354)
part27.BrickColor = BrickColor.new("Dark stone grey")
part27.Material = Enum.Material.Concrete
part27.Transparency = 0
part27.Anchored = true
part27.CanCollide = true
part27.Shape = Enum.PartType.Block

part28 = Instance.new("Part")
part28.Name = "Part"
part28.Parent = model
part28.Size = Vector3.new(10, 46, 10)
part28.CFrame = CFrame.new(851.8275756835938, -10.19909954071045, -2396.2890625, -0.5736784934997559, -0, -0.8190805315971375, 0, -1, 0, -0.8190805315971375, 0, 0.5736785531044006)
part28.Color = Color3.new(0.6392157077789307, 0.6352941393852234, 0.6470588445663452)
part28.BrickColor = BrickColor.new("Medium stone grey")
part28.Material = Enum.Material.Concrete
part28.Transparency = 0
part28.Anchored = true
part28.CanCollide = true
part28.Shape = Enum.PartType.Block

part29 = Instance.new("Part")
part29.Name = "Part"
part29.Parent = model
part29.Size = Vector3.new(14, 10.399999618530273, 14)
part29.CFrame = CFrame.new(777.2725219726562, -38.398860931396484, -2344.07177734375, -0.5736784934997559, -0, -0.8190805315971375, 0, -1, 0, -0.8190805315971375, 0, 0.5736785531044006)
part29.Color = Color3.new(0.38823530077934265, 0.37254902720451355, 0.3843137323856354)
part29.BrickColor = BrickColor.new("Dark stone grey")
part29.Material = Enum.Material.Concrete
part29.Transparency = 0
part29.Anchored = true
part29.CanCollide = true
part29.Shape = Enum.PartType.Block

part30 = Instance.new("Part")
part30.Name = "Part"
part30.Parent = model
part30.Size = Vector3.new(10, 50, 10)
part30.CFrame = CFrame.new(777.2727661132812, -8.198542594909668, -2344.0712890625, -0.5736784934997559, -0, -0.8190805315971375, 0, -1, 0, -0.8190805315971375, 0, 0.5736785531044006)
part30.Color = Color3.new(0.6392157077789307, 0.6352941393852234, 0.6470588445663452)
part30.BrickColor = BrickColor.new("Medium stone grey")
part30.Material = Enum.Material.Concrete
part30.Transparency = 0
part30.Anchored = true
part30.CanCollide = true
part30.Shape = Enum.PartType.Block

part31 = Instance.new("Part")
part31.Name = "Part"
part31.Parent = model
part31.Size = Vector3.new(10, 50, 10)
part31.CFrame = CFrame.new(692.9295654296875, -8.197726249694824, -2285.00390625, 0.5735987424850464, 0, 0.8191365599632263, 0, -1.0000004768371582, 0, 0.8191365599632263, 0, -0.5735992193222046)
part31.Color = Color3.new(0.6392157077789307, 0.6352941393852234, 0.6470588445663452)
part31.BrickColor = BrickColor.new("Medium stone grey")
part31.Material = Enum.Material.Concrete
part31.Transparency = 0
part31.Anchored = true
part31.CanCollide = true
part31.Shape = Enum.PartType.Block

part32 = Instance.new("Part")
part32.Name = "Part"
part32.Parent = model
part32.Size = Vector3.new(14, 10.399999618530273, 14)
part32.CFrame = CFrame.new(692.9295654296875, -38.39805221557617, -2285.00390625, 0.5735987424850464, 0, 0.8191365599632263, 0, -1.0000004768371582, 0, 0.8191365599632263, 0, -0.5735992193222046)
part32.Color = Color3.new(0.38823530077934265, 0.37254902720451355, 0.3843137323856354)
part32.BrickColor = BrickColor.new("Dark stone grey")
part32.Material = Enum.Material.Concrete
part32.Transparency = 0
part32.Anchored = true
part32.CanCollide = true
part32.Shape = Enum.PartType.Block

part33 = Instance.new("Part")
part33.Name = "Part"
part33.Parent = model
part33.Size = Vector3.new(10, 46, 10)
part33.CFrame = CFrame.new(618.3692626953125, -10.19684886932373, -2232.792724609375, 0.5735987424850464, 0, 0.8191365599632263, 0, -1.0000004768371582, 0, 0.8191365599632263, 0, -0.5735992193222046)
part33.Color = Color3.new(0.6392157077789307, 0.6352941393852234, 0.6470588445663452)
part33.BrickColor = BrickColor.new("Medium stone grey")
part33.Material = Enum.Material.Concrete
part33.Transparency = 0
part33.Anchored = true
part33.CanCollide = true
part33.Shape = Enum.PartType.Block

part34 = Instance.new("Part")
part34.Name = "Part"
part34.Parent = model
part34.Size = Vector3.new(14, 10.399999618530273, 14)
part34.CFrame = CFrame.new(618.3692626953125, -38.39714431762695, -2232.792724609375, 0.5735987424850464, 0, 0.8191365599632263, 0, -1.0000004768371582, 0, 0.8191365599632263, 0, -0.5735992193222046)
part34.Color = Color3.new(0.38823530077934265, 0.37254902720451355, 0.3843137323856354)
part34.BrickColor = BrickColor.new("Dark stone grey")
part34.Material = Enum.Material.Concrete
part34.Transparency = 0
part34.Anchored = true
part34.CanCollide = true
part34.Shape = Enum.PartType.Block

part35 = Instance.new("Part")
part35.Name = "Part"
part35.Parent = model
part35.Size = Vector3.new(10, 38, 10)
part35.CFrame = CFrame.new(545.4473876953125, -14.196017265319824, -2181.730224609375, 0.5735987424850464, 0, 0.8191365599632263, 0, -1.0000004768371582, 0, 0.8191365599632263, 0, -0.5735992193222046)
part35.Color = Color3.new(0.6392157077789307, 0.6352941393852234, 0.6470588445663452)
part35.BrickColor = BrickColor.new("Medium stone grey")
part35.Material = Enum.Material.Concrete
part35.Transparency = 0
part35.Anchored = true
part35.CanCollide = true
part35.Shape = Enum.PartType.Block

part36 = Instance.new("Part")
part36.Name = "Part"
part36.Parent = model
part36.Size = Vector3.new(14, 10.399999618530273, 14)
part36.CFrame = CFrame.new(545.4473266601562, -38.39625930786133, -2181.729248046875, 0.5735987424850464, 0, 0.8191365599632263, 0, -1.0000004768371582, 0, 0.8191365599632263, 0, -0.5735992193222046)
part36.Color = Color3.new(0.38823530077934265, 0.37254902720451355, 0.3843137323856354)
part36.BrickColor = BrickColor.new("Dark stone grey")
part36.Material = Enum.Material.Concrete
part36.Transparency = 0
part36.Anchored = true
part36.CanCollide = true
part36.Shape = Enum.PartType.Block

part37 = Instance.new("Part")
part37.Name = "Part"
part37.Parent = model
part37.Size = Vector3.new(14, 10.399999618530273, 14)
part37.CFrame = CFrame.new(567.8455200195312, -38.3963508605957, -2149.746826171875, 0.5736785531044006, 0, 0.8190805315971375, 0, -1, 0, 0.8190805315971375, 0, -0.5736784934997559)
part37.Color = Color3.new(0.38823530077934265, 0.37254902720451355, 0.3843137323856354)
part37.BrickColor = BrickColor.new("Dark stone grey")
part37.Material = Enum.Material.Concrete
part37.Transparency = 0
part37.Anchored = true
part37.CanCollide = true
part37.Shape = Enum.PartType.Block

part38 = Instance.new("Part")
part38.Name = "Part"
part38.Parent = model
part38.Size = Vector3.new(10, 38, 10)
part38.CFrame = CFrame.new(567.8460693359375, -14.196097373962402, -2149.74658203125, 0.5736785531044006, 0, 0.8190805315971375, 0, -1, 0, 0.8190805315971375, 0, -0.5736784934997559)
part38.Color = Color3.new(0.6392157077789307, 0.6352941393852234, 0.6470588445663452)
part38.BrickColor = BrickColor.new("Medium stone grey")
part38.Material = Enum.Material.Concrete
part38.Transparency = 0
part38.Anchored = true
part38.CanCollide = true
part38.Shape = Enum.PartType.Block

part39 = Instance.new("Part")
part39.Name = "Part"
part39.Parent = model
part39.Size = Vector3.new(14, 10.399999618530273, 14)
part39.CFrame = CFrame.new(640.7600708007812, -38.397220611572266, -2200.82080078125, 0.5736785531044006, 0, 0.8190805315971375, 0, -1, 0, 0.8190805315971375, 0, -0.5736784934997559)
part39.Color = Color3.new(0.38823530077934265, 0.37254902720451355, 0.3843137323856354)
part39.BrickColor = BrickColor.new("Dark stone grey")
part39.Material = Enum.Material.Concrete
part39.Transparency = 0
part39.Anchored = true
part39.CanCollide = true
part39.Shape = Enum.PartType.Block

part40 = Instance.new("Part")
part40.Name = "Part"
part40.Parent = model
part40.Size = Vector3.new(10, 46, 10)
part40.CFrame = CFrame.new(640.7600708007812, -10.196932792663574, -2200.82080078125, 0.5736785531044006, 0, 0.8190805315971375, 0, -1, 0, 0.8190805315971375, 0, -0.5736784934997559)
part40.Color = Color3.new(0.6392157077789307, 0.6352941393852234, 0.6470588445663452)
part40.BrickColor = BrickColor.new("Medium stone grey")
part40.Material = Enum.Material.Concrete
part40.Transparency = 0
part40.Anchored = true
part40.CanCollide = true
part40.Shape = Enum.PartType.Block

part41 = Instance.new("Part")
part41.Name = "Part"
part41.Parent = model
part41.Size = Vector3.new(14, 10.399999618530273, 14)
part41.CFrame = CFrame.new(715.3128051757812, -38.398128509521484, -2253.043212890625, 0.5736785531044006, 0, 0.8190805315971375, 0, -1, 0, 0.8190805315971375, 0, -0.5736784934997559)
part41.Color = Color3.new(0.38823530077934265, 0.37254902720451355, 0.3843137323856354)
part41.BrickColor = BrickColor.new("Dark stone grey")
part41.Material = Enum.Material.Concrete
part41.Transparency = 0
part41.Anchored = true
part41.CanCollide = true
part41.Shape = Enum.PartType.Block

part42 = Instance.new("Part")
part42.Name = "Part"
part42.Parent = model
part42.Size = Vector3.new(10, 50, 10)
part42.CFrame = CFrame.new(715.3128662109375, -8.197810173034668, -2253.04248046875, 0.5736785531044006, 0, 0.8190805315971375, 0, -1, 0, 0.8190805315971375, 0, -0.5736784934997559)
part42.Color = Color3.new(0.6392157077789307, 0.6352941393852234, 0.6470588445663452)
part42.BrickColor = BrickColor.new("Medium stone grey")
part42.Material = Enum.Material.Concrete
part42.Transparency = 0
part42.Anchored = true
part42.CanCollide = true
part42.Shape = Enum.PartType.Block

part43 = Instance.new("Part")
part43.Name = "Part"
part43.Parent = model
part43.Size = Vector3.new(14, 10.399999618530273, 14)
part43.CFrame = CFrame.new(947.13037109375, -38.39999771118164, -2415.39453125, -0.5735992193222046, -0, -0.8191365599632263, 0, -1.0000004768371582, 0, -0.8191365599632263, 0, 0.5735987424850464)
part43.Color = Color3.new(0.38823530077934265, 0.37254902720451355, 0.3843137323856354)
part43.BrickColor = BrickColor.new("Dark stone grey")
part43.Material = Enum.Material.Concrete
part43.Transparency = 0
part43.Anchored = true
part43.CanCollide = true
part43.Shape = Enum.PartType.Block

part44 = Instance.new("Part")
part44.Name = "Part"
part44.Parent = model
part44.Size = Vector3.new(10, 38, 10)
part44.CFrame = CFrame.new(947.1304321289062, -14.199755668640137, -2415.39404296875, -0.5735992193222046, -0, -0.8191365599632263, 0, -1.0000004768371582, 0, -0.8191365599632263, 0, 0.5735987424850464)
part44.Color = Color3.new(0.6392157077789307, 0.6352941393852234, 0.6470588445663452)
part44.BrickColor = BrickColor.new("Medium stone grey")
part44.Material = Enum.Material.Concrete
part44.Transparency = 0
part44.Anchored = true
part44.CanCollide = true
part44.Shape = Enum.PartType.Block

part45 = Instance.new("Part")
part45.Name = "Part"
part45.Parent = model
part45.Size = Vector3.new(14, 10.399999618530273, 14)
part45.CFrame = CFrame.new(874.210693359375, -38.39948654174805, -2364.328369140625, -0.5735992193222046, -0, -0.8191365599632263, 0, -1.0000004768371582, 0, -0.8191365599632263, 0, 0.5735987424850464)
part45.Color = Color3.new(0.38823530077934265, 0.37254902720451355, 0.3843137323856354)
part45.BrickColor = BrickColor.new("Dark stone grey")
part45.Material = Enum.Material.Concrete
part45.Transparency = 0
part45.Anchored = true
part45.CanCollide = true
part45.Shape = Enum.PartType.Block

part46 = Instance.new("Part")
part46.Name = "Part"
part46.Parent = model
part46.Size = Vector3.new(10, 46, 10)
part46.CFrame = CFrame.new(874.2107543945312, -10.199179649353027, -2364.32763671875, -0.5735992193222046, -0, -0.8191365599632263, 0, -1.0000004768371582, 0, -0.8191365599632263, 0, 0.5735987424850464)
part46.Color = Color3.new(0.6392157077789307, 0.6352941393852234, 0.6470588445663452)
part46.BrickColor = BrickColor.new("Medium stone grey")
part46.Material = Enum.Material.Concrete
part46.Transparency = 0
part46.Anchored = true
part46.CanCollide = true
part46.Shape = Enum.PartType.Block

part47 = Instance.new("Part")
part47.Name = "Part"
part47.Parent = model
part47.Size = Vector3.new(14, 10.399999618530273, 14)
part47.CFrame = CFrame.new(799.6529541015625, -38.3989372253418, -2312.114013671875, -0.5735992193222046, -0, -0.8191365599632263, 0, -1.0000004768371582, 0, -0.8191365599632263, 0, 0.5735987424850464)
part47.Color = Color3.new(0.38823530077934265, 0.37254902720451355, 0.3843137323856354)
part47.BrickColor = BrickColor.new("Dark stone grey")
part47.Material = Enum.Material.Concrete
part47.Transparency = 0
part47.Anchored = true
part47.CanCollide = true
part47.Shape = Enum.PartType.Block

part48 = Instance.new("Part")
part48.Name = "Part"
part48.Parent = model
part48.Size = Vector3.new(10, 50, 10)
part48.CFrame = CFrame.new(799.6529541015625, -8.198626518249512, -2312.114013671875, -0.5735992193222046, -0, -0.8191365599632263, 0, -1.0000004768371582, 0, -0.8191365599632263, 0, 0.5735987424850464)
part48.Color = Color3.new(0.6392157077789307, 0.6352941393852234, 0.6470588445663452)
part48.BrickColor = BrickColor.new("Medium stone grey")
part48.Material = Enum.Material.Concrete
part48.Transparency = 0
part48.Anchored = true
part48.CanCollide = true
part48.Shape = Enum.PartType.Block

part49 = Instance.new("Part")
part49.Name = "Part"
part49.Parent = model
part49.Size = Vector3.new(50, 1, 126.03005981445312)
part49.CFrame = CFrame.new(670.3243408203125, 14.287030220031738, -2245.97314453125, -0.5735561847686768, 0.03568917512893677, -0.8183885216712952, 0.00001693516969680786, -0.9990501403808594, -0.043579522520303726, -0.819166362285614, -0.0250091589987278, 0.5730105638504028)
part49.Color = Color3.new(0.38823530077934265, 0.37254902720451355, 0.3843137323856354)
part49.BrickColor = BrickColor.new("Dark stone grey")
part49.Material = Enum.Material.Concrete
part49.Transparency = 0
part49.Anchored = true
part49.CanCollide = true
part49.Shape = Enum.PartType.Block

part50 = Instance.new("Part")
part50.Name = "Part"
part50.Parent = model
part50.Size = Vector3.new(50, 3, 2)
part50.CFrame = CFrame.new(716.2867431640625, 15.234295845031738, -2278.158447265625, 0.5735796093940735, -0.8183716535568237, 0.03569740056991577, 0.000027954578399658203, -0.04355907440185547, -0.9990509152412415, 0.8191498517990112, 0.573036253452301, -0.02496170997619629)
part50.Color = Color3.new(0.45490196347236633, 0.5254902243614197, 0.615686297416687)
part50.BrickColor = BrickColor.new("Sand blue")
part50.Material = Enum.Material.Metal
part50.Transparency = 0
part50.Anchored = true
part50.CanCollide = true
part50.Shape = Enum.PartType.Block

part51 = Instance.new("Part")
part51.Name = "Part"
part51.Parent = model
part51.Size = Vector3.new(50, 3, 2)
part51.CFrame = CFrame.new(691.7304077148438, 13.92598819732666, -2260.962890625, 0.5735796093940735, -0.8183716535568237, 0.03569740056991577, 0.000027954578399658203, -0.04355907440185547, -0.9990509152412415, 0.8191498517990112, 0.573036253452301, -0.02496170997619629)
part51.Color = Color3.new(0.45490196347236633, 0.5254902243614197, 0.615686297416687)
part51.BrickColor = BrickColor.new("Sand blue")
part51.Material = Enum.Material.Metal
part51.Transparency = 0
part51.Anchored = true
part51.CanCollide = true
part51.Shape = Enum.PartType.Block

part52 = Instance.new("Part")
part52.Name = "Part"
part52.Parent = model
part52.Size = Vector3.new(50, 3, 2)
part52.CFrame = CFrame.new(667.1728515625, 12.617691993713379, -2243.76708984375, 0.5735796093940735, -0.8183716535568237, 0.03569740056991577, 0.000027954578399658203, -0.04355907440185547, -0.9990509152412415, 0.8191498517990112, 0.573036253452301, -0.02496170997619629)
part52.Color = Color3.new(0.45490196347236633, 0.5254902243614197, 0.615686297416687)
part52.BrickColor = BrickColor.new("Sand blue")
part52.Material = Enum.Material.Metal
part52.Transparency = 0
part52.Anchored = true
part52.CanCollide = true
part52.Shape = Enum.PartType.Block

part53 = Instance.new("Part")
part53.Name = "Part"
part53.Parent = model
part53.Size = Vector3.new(50, 3, 2)
part53.CFrame = CFrame.new(642.6162109375, 11.309391975402832, -2226.5712890625, 0.5735796093940735, -0.8183716535568237, 0.03569740056991577, 0.000027954578399658203, -0.04355907440185547, -0.9990509152412415, 0.8191498517990112, 0.573036253452301, -0.02496170997619629)
part53.Color = Color3.new(0.45490196347236633, 0.5254902243614197, 0.615686297416687)
part53.BrickColor = BrickColor.new("Sand blue")
part53.Material = Enum.Material.Metal
part53.Transparency = 0
part53.Anchored = true
part53.CanCollide = true
part53.Shape = Enum.PartType.Block

part54 = Instance.new("Part")
part54.Name = "Part"
part54.Parent = model
part54.Size = Vector3.new(50, 1, 158.03005981445312)
part54.CFrame = CFrame.new(556.8258056640625, 4.837350368499756, -2166.49658203125, -0.5735831260681152, 0.07144273817539215, -0.816025972366333, -0.000004295259714126587, -0.9961897134780884, -0.08721297979354858, -0.8191473484039307, -0.05002039298415184, 0.5713979005813599)
part54.Color = Color3.new(0.38823530077934265, 0.37254902720451355, 0.3843137323856354)
part54.BrickColor = BrickColor.new("Dark stone grey")
part54.Material = Enum.Material.Concrete
part54.Transparency = 0
part54.Anchored = true
part54.CanCollide = true
part54.Shape = Enum.PartType.Block

part55 = Instance.new("Part")
part55.Name = "Part"
part55.Parent = model
part55.Size = Vector3.new(50, 3, 2)
part55.CFrame = CFrame.new(618.1339721679688, 9.877400398254395, -2209.4296875, 0.573593020439148, -0.8160265684127808, 0.071356862783432, -0.00006511807441711426, -0.0871574878692627, -0.9961947202682495, 0.8191404342651367, 0.5714057683944702, -0.05004608631134033)
part55.Color = Color3.new(0.45490196347236633, 0.5254902243614197, 0.615686297416687)
part55.BrickColor = BrickColor.new("Sand blue")
part55.Material = Enum.Material.Metal
part55.Transparency = 0
part55.Anchored = true
part55.CanCollide = true
part55.Shape = Enum.PartType.Block

part56 = Instance.new("Part")
part56.Name = "Part"
part56.Parent = model
part56.Size = Vector3.new(50, 3, 2)
part56.CFrame = CFrame.new(593.6480712890625, 7.263001918792725, -2192.28271484375, 0.573593020439148, -0.8160265684127808, 0.071356862783432, -0.00006511807441711426, -0.0871574878692627, -0.9961947202682495, 0.8191404342651367, 0.5714057683944702, -0.05004608631134033)
part56.Color = Color3.new(0.45490196347236633, 0.5254902243614197, 0.615686297416687)
part56.BrickColor = BrickColor.new("Sand blue")
part56.Material = Enum.Material.Metal
part56.Transparency = 0
part56.Anchored = true
part56.CanCollide = true
part56.Shape = Enum.PartType.Block

part57 = Instance.new("Part")
part57.Name = "Part"
part57.Parent = model
part57.Size = Vector3.new(50, 3, 2)
part57.CFrame = CFrame.new(569.160400390625, 4.6486029624938965, -2175.135986328125, 0.573593020439148, -0.8160265684127808, 0.071356862783432, -0.00006511807441711426, -0.0871574878692627, -0.9961947202682495, 0.8191404342651367, 0.5714057683944702, -0.05004608631134033)
part57.Color = Color3.new(0.45490196347236633, 0.5254902243614197, 0.615686297416687)
part57.BrickColor = BrickColor.new("Sand blue")
part57.Material = Enum.Material.Metal
part57.Transparency = 0
part57.Anchored = true
part57.CanCollide = true
part57.Shape = Enum.PartType.Block

part58 = Instance.new("Part")
part58.Name = "Part"
part58.Parent = model
part58.Size = Vector3.new(50, 3, 2)
part58.CFrame = CFrame.new(544.673828125, 2.0342111587524414, -2157.989013671875, 0.573593020439148, -0.8160265684127808, 0.071356862783432, -0.00006511807441711426, -0.0871574878692627, -0.9961947202682495, 0.8191404342651367, 0.5714057683944702, -0.05004608631134033)
part58.Color = Color3.new(0.45490196347236633, 0.5254902243614197, 0.615686297416687)
part58.BrickColor = BrickColor.new("Sand blue")
part58.Material = Enum.Material.Metal
part58.Transparency = 0
part58.Anchored = true
part58.CanCollide = true
part58.Shape = Enum.PartType.Block

part59 = Instance.new("Part")
part59.Name = "Part"
part59.Parent = model
part59.Size = Vector3.new(50, 1, 126.03005981445312)
part59.CFrame = CFrame.new(821.6751098632812, 14.285569190979004, -2351.968017578125, 0.5736358165740967, -0.03568795323371887, 0.8183326721191406, 0.000014813616871833801, -0.9990499019622803, -0.043579526245594025, 0.8191105127334595, 0.02501089870929718, -0.5730903148651123)
part59.Color = Color3.new(0.38823530077934265, 0.37254902720451355, 0.3843137323856354)
part59.BrickColor = BrickColor.new("Dark stone grey")
part59.Material = Enum.Material.Concrete
part59.Transparency = 0
part59.Anchored = true
part59.CanCollide = true
part59.Shape = Enum.PartType.Block

part60 = Instance.new("Part")
part60.Name = "Part"
part60.Parent = model
part60.Size = Vector3.new(50, 3, 2)
part60.CFrame = CFrame.new(775.7163696289062, 15.233723640441895, -2319.77783203125, -0.5736923217773438, 0.8182915449142456, -0.03572440147399902, 0.0000022351741790771484, -0.04361426830291748, -0.9990485310554504, -0.8190709352493286, -0.5731465220451355, 0.025019288063049316)
part60.Color = Color3.new(0.45490196347236633, 0.5254902243614197, 0.615686297416687)
part60.BrickColor = BrickColor.new("Sand blue")
part60.Material = Enum.Material.Metal
part60.Transparency = 0
part60.Anchored = true
part60.CanCollide = true
part60.Shape = Enum.PartType.Block

part61 = Instance.new("Part")
part61.Name = "Part"
part61.Parent = model
part61.Size = Vector3.new(50, 3, 2)
part61.CFrame = CFrame.new(800.271240234375, 13.924942970275879, -2336.976806640625, -0.5736923217773438, 0.8182915449142456, -0.03572440147399902, 0.0000022351741790771484, -0.04361426830291748, -0.9990485310554504, -0.8190709352493286, -0.5731465220451355, 0.025019288063049316)
part61.Color = Color3.new(0.45490196347236633, 0.5254902243614197, 0.615686297416687)
part61.BrickColor = BrickColor.new("Sand blue")
part61.Material = Enum.Material.Metal
part61.Transparency = 0
part61.Anchored = true
part61.CanCollide = true
part61.Shape = Enum.PartType.Block

part62 = Instance.new("Part")
part62.Name = "Part"
part62.Parent = model
part62.Size = Vector3.new(50, 3, 2)
part62.CFrame = CFrame.new(824.8263549804688, 12.616162300109863, -2354.17529296875, -0.5736923217773438, 0.8182915449142456, -0.03572440147399902, 0.0000022351741790771484, -0.04361426830291748, -0.9990485310554504, -0.8190709352493286, -0.5731465220451355, 0.025019288063049316)
part62.Color = Color3.new(0.45490196347236633, 0.5254902243614197, 0.615686297416687)
part62.BrickColor = BrickColor.new("Sand blue")
part62.Material = Enum.Material.Metal
part62.Transparency = 0
part62.Anchored = true
part62.CanCollide = true
part62.Shape = Enum.PartType.Block

part63 = Instance.new("Part")
part63.Name = "Part"
part63.Parent = model
part63.Size = Vector3.new(50, 3, 2)
